00000000000000000000000001010011
00000000000000000000000001010100
00000000000000000000000000111010
00000000000000000000000000110000
00000000000000000000000000110000
00000000000000000000000000110000
00000000000000000000000000110001
00000000000000000000000000110000
00000000000000000000000000110001
00000000000000000000000000110000
00000000000000000000000000110000
00000000000000000000000001010011
00000000000000000000000001010100
00000000000000000000000000111010
00000000000000000000000000110000
00000000000000000000000000110000
00000000000000000000000000110000
00000000000000000000000000110000
00000000000000000000000000110000
00000000000000000000000000110000
00000000000000000000000000110000
00000000000000000000000000110000
00000000000000000000000001010011
00000000000000000000000001010100
00000000000000000000000000111010
00000000000000000000000000110000
00000000000000000000000000110000
00000000000000000000000000110000
00000000000000000000000000110000
00000000000000000000000000110000
00000000000000000000000000110000
00000000000000000000000000110000
00000000000000000000000000110000
00000000000000000000000001010011
00000000000000000000000001010100
00000000000000000000000000111010
00000000000000000000000000110000
00000000000000000000000000110000
00000000000000000000000000110000
00000000000000000000000000110000
00000000000000000000000000110000
00000000000000000000000000110000
00000000000000000000000000110000
00000000000000000000000000110000
00000000000000000000000001010011
00000000000000000000000001010100
00000000000000000000000000111010
00000000000000000000000000110000
00000000000000000000000000110000
00000000000000000000000000110000
00000000000000000000000000110000
00000000000000000000000000110000
00000000000000000000000000110000
00000000000000000000000000110000
00000000000000000000000000110000
00000000000000000000000001010011
00000000000000000000000001010100
00000000000000000000000000111010
00000000000000000000000000110000
00000000000000000000000000110000
00000000000000000000000000110000
00000000000000000000000000110000
00000000000000000000000000110000
00000000000000000000000000110000
00000000000000000000000000110000
00000000000000000000000000110000
00000000000000000000000001010011
00000000000000000000000001010100
00000000000000000000000000111010
00000000000000000000000000110000
00000000000000000000000000110000
00000000000000000000000000110000
00000000000000000000000000110000
00000000000000000000000000110000
00000000000000000000000000110000
00000000000000000000000000110000
00000000000000000000000000110000
00000000000000000000000001010011
00000000000000000000000001010100
00000000000000000000000000111010
00000000000000000000000000110000
00000000000000000000000000110000
00000000000000000000000000110000
00000000000000000000000000110000
00000000000000000000000000110000
00000000000000000000000000110000
00000000000000000000000000110000
00000000000000000000000000110000
00000000000000000000000001010011
00000000000000000000000001010100
00000000000000000000000000111010
00000000000000000000000000110000
00000000000000000000000000110000
00000000000000000000000000110000
00000000000000000000000000110000
00000000000000000000000000110000
00000000000000000000000000110000
00000000000000000000000000110000
00000000000000000000000000110000
00000000000000000000000001010011
00000000000000000000000001010100
00000000000000000000000000111010
00000000000000000000000000110000
00000000000000000000000000110000
00000000000000000000000000110000
00000000000000000000000000110000
00000000000000000000000000110000
00000000000000000000000000110000
00000000000000000000000000110000
00000000000000000000000000110000
00000000000000000000000001010011
00000000000000000000000001010100
00000000000000000000000000111010
00000000000000000000000000110000
00000000000000000000000000110000
00000000000000000000000000110000
00000000000000000000000000110000
00000000000000000000000000110000
00000000000000000000000000110000
00000000000000000000000000110000
00000000000000000000000000110000
00000000000000000000000001010011
00000000000000000000000001010100
00000000000000000000000000111010
00000000000000000000000000110000
00000000000000000000000000110001
00000000000000000000000000110000
00000000000000000000000000110000
00000000000000000000000000110000
00000000000000000000000000110000
00000000000000000000000000110000
00000000000000000000000000110000
00000000000000000000000001010011
00000000000000000000000001010100
00000000000000000000000000111010
00000000000000000000000000110000
00000000000000000000000000110000
00000000000000000000000000110000
00000000000000000000000000110001
00000000000000000000000000110000
00000000000000000000000000110001
00000000000000000000000000110000
00000000000000000000000000110001
00000000000000000000000001010011
00000000000000000000000001010100
00000000000000000000000000111010
00000000000000000000000000110000
00000000000000000000000000110000
00000000000000000000000000110000
00000000000000000000000000110000
00000000000000000000000000110000
00000000000000000000000000110000
00000000000000000000000000110000
00000000000000000000000000110000
00000000000000000000000001010011
00000000000000000000000001010100
00000000000000000000000000111010
00000000000000000000000000110000
00000000000000000000000000110000
00000000000000000000000000110000
00000000000000000000000000110000
00000000000000000000000000110000
00000000000000000000000000110000
00000000000000000000000000110000
00000000000000000000000000110000
00000000000000000000000001010011
00000000000000000000000001010100
00000000000000000000000000111010
00000000000000000000000000110000
00000000000000000000000000110000
00000000000000000000000000110000
00000000000000000000000000110000
00000000000000000000000000110000
00000000000000000000000000110000
00000000000000000000000000110000
00000000000000000000000000110000
00000000000000000000000001010011
00000000000000000000000001010100
00000000000000000000000000111010
00000000000000000000000000110000
00000000000000000000000000110000
00000000000000000000000000110000
00000000000000000000000000110000
00000000000000000000000000110000
00000000000000000000000000110000
00000000000000000000000000110000
00000000000000000000000000110000
00000000000000000000000001010011
00000000000000000000000001010100
00000000000000000000000000111010
00000000000000000000000000110000
00000000000000000000000000110000
00000000000000000000000000110000
00000000000000000000000000110000
00000000000000000000000000110000
00000000000000000000000000110000
00000000000000000000000000110000
00000000000000000000000000110000
00000000000000000000000001010011
00000000000000000000000001010100
00000000000000000000000000111010
00000000000000000000000000110000
00000000000000000000000000110000
00000000000000000000000000110000
00000000000000000000000000110000
00000000000000000000000000110000
00000000000000000000000000110000
00000000000000000000000000110000
00000000000000000000000000110000
00000000000000000000000001010011
00000000000000000000000001010100
00000000000000000000000000111010
00000000000000000000000000110000
00000000000000000000000000110000
00000000000000000000000000110000
00000000000000000000000000110000
00000000000000000000000000110000
00000000000000000000000000110000
00000000000000000000000000110000
00000000000000000000000000110000
00000000000000000000000001010011
00000000000000000000000001010100
00000000000000000000000000111010
00000000000000000000000000110000
00000000000000000000000000110000
00000000000000000000000000110000
00000000000000000000000000110000
00000000000000000000000000110000
00000000000000000000000000110000
00000000000000000000000000110000
00000000000000000000000000110000
00000000000000000000000001010011
00000000000000000000000001010100
00000000000000000000000000111010
00000000000000000000000000110000
00000000000000000000000000110000
00000000000000000000000000110000
00000000000000000000000000110000
00000000000000000000000000110000
00000000000000000000000000110000
00000000000000000000000000110000
00000000000000000000000000110000
00000000000000000000000001010011
00000000000000000000000001010100
00000000000000000000000000111010
00000000000000000000000000110000
00000000000000000000000000110000
00000000000000000000000000110000
00000000000000000000000000110000
00000000000000000000000000110000
00000000000000000000000000110000
00000000000000000000000000110000
00000000000000000000000000110000
00000000000000000000000001010011
00000000000000000000000001010100
00000000000000000000000000111010
00000000000000000000000000110000
00000000000000000000000000110001
00000000000000000000000000110000
00000000000000000000000000110000
00000000000000000000000000110000
00000000000000000000000000110000
00000000000000000000000000110000
00000000000000000000000000110000
00000000000000000000000001001101
00000000000000000000000001010011
00000000000000000000000001000111
00000000000000000000000000100000
00000000000000000000000000111101
00000000000000000000000000110000
00000000000000000000000000110000
00000000000000000000000000110000
00000000000000000000000000110001
00000000000000000000000000100000
00000000000000000000000001001101
00000000000000000000000001000100
00000000000000000000000000100000
00000000000000000000000000111101
00000000000000000000000000110000
00000000000000000000000000110000
00000000000000000000000000110000
00000000000000000000000000110001
00000000000000000000000000110000
00000000000000000000000000110001
00000000000000000000000000110000
00000000000000000000000000110000
00000000000000000000000000110000
00000000000000000000000000110000
00000000000000000000000000110000
00000000000000000000000000110000
00000000000000000000000000110000
00000000000000000000000000110000
00000000000000000000000000110000
00000000000000000000000000110000
00000000000000000000000000110000
00000000000000000000000000110000
00000000000000000000000000110000
00000000000000000000000000110000
00000000000000000000000000110000
00000000000000000000000000110000
00000000000000000000000000110000
00000000000000000000000000110000
00000000000000000000000000110000
00000000000000000000000000110000
00000000000000000000000000110000
00000000000000000000000000110000
00000000000000000000000000110000
00000000000000000000000000110000
00000000000000000000000000110000
00000000000000000000000000110000
00000000000000000000000000110000
00000000000000000000000000110001
00000000000000000000000000110000
00000000000000000000000000110001
00000000000000000000000000110000
00000000000000000000000000110001
00000000000000000000000000110000
00000000000000000000000000110000
00000000000000000000000000110000
00000000000000000000000000110000
00000000000000000000000000110000
00000000000000000000000000110000
00000000000000000000000000110000
00000000000000000000000000110000
00000000000000000000000000110000
00000000000000000000000000110000
00000000000000000000000000110000
00000000000000000000000000110000
00000000000000000000000000110000
00000000000000000000000000110000
00000000000000000000000000110000
00000000000000000000000000110000
00000000000000000000000000110000
00000000000000000000000000110000
00000000000000000000000000110000
00000000000000000000000000110000
00000000000000000000000000110000
00000000000000000000000000110000
00000000000000000000000000110000
00000000000000000000000000110000
00000000000000000000000000110000
00000000000000000000000000110000
