00000000000000000000000001110011
00000000000000000000000001101001
00000000000000000000000001101110
00000000000000000000000001110101
00000000000000000000000001110011
00000000000000000000000000100000
00000000000000000000000001110110
00000000000000000000000001100001
00000000000000000000000001101100
00000000000000000000000001110101
00000000000000000000000001100101
00000000000000000000000000111010
00000000000000000000000000110000
00000000000000000000000000110000
00000000000000000000000000110000
00000000000000000000000001000100
00000000000000000000000000110011
00000000000000000000000000110110
00000000000000000000000001000101
00000000000000000000000000111001
