00000000000000000000000001001000
00000000000000000000000001000100
00000000000000000000000000101000
00000000000000000000000000110000
00000000000000000000000001111000
00000000000000000000000000110000
00000000000000000000000000110101
00000000000000000000000000101100
00000000000000000000000000100000
00000000000000000000000000110000
00000000000000000000000000111001
00000000000000000000000000101001
00000000000000000000000000100000
00000000000000000000000000111101
00000000000000000000000000100000
00000000000000000000000000110000
00000000000000000000000001111000
00000000000000000000000000110000
00000000000000000000000000110000
00000000000000000000000000110000
00000000000000000000000000110000
00000000000000000000000000110111
00000000000000000000000000101110
